1646216974;
1646216976;
1646216978;
1646216975;
1646216977;
15444539215;
10085266192;
10085266193;
1653108145;
1653108144;
1653108147;
1653108146;
10049112125;
15444522686;
15444522687;
15444522684;
15444522685;
15444522682;
15444522683;
15444522680;
15444522681;
15444522697;
15444539223;
15444522696;
15444539222;
15444539221;
15444522699;
15444522698;
15444539220;
15444539219;
15444522700;
15444539218;
15444539217;
15444539231;
15444522689;
15444522688;
15444539230;
15444522691;
15444539229;
15444539228;
15444522690;
15444539227;
15444522693;
15444539226;
15444522692;
15444522695;
15444539225;
15444539224;
15444522694;
15444539206;
15444539207;
15444539204;
15444539205;
15444539202;
15444539203;
15444539201;
15444539214;
15444539212;
15444539213;
15444539210;
15444539211;
15444539208;
15444539209;
15444539253;
11289767028;
15444539252;
11289767029;
11289767030;
15444539254;
11289767024;
15444539249;
11289767025;
15444539248;
15444539251;
11289767026;
1734539072;
15444539250;
11289767027;
15444539236;
15444539237;
15444539239;
15444539232;
15444539233;
15444539234;
15444539235;
11289767021;
1662984302;
15444539244;
15444539245;
1662984303;
11289767023;
1662984300;
15444539247;
1662984301;
11289767022;
15444539240;
15444539241;
1662984299;
15444539242;
15444539243;
1653108148;
15444539238;
15444539246;
15444539216;
1653108149;
1688360098;
10991894103;
10991894102;
10991894101;
1688360096;
1688360097;
10991894104;
1688360099;
1799204278;
1799204277;
1799204287;
1799204289;
1799204290;
1769674430;
10037762152;
10037762153;
10037762154;
10037762156;
10078941281;
1804623106;
1804623104;
1804623102;
1804623103;
10037762155;
1804623107;
1804623105;
1817631277;
1817631272;
11166971679;
10505900211;
10005538721;
10005538720;
10219933181;
10005538724;
10005538722;
10005538723;
10005538725;
10005576073;
10596663771;
10596663775;
10005576075;
10005576074;
10596663773;
10596663774;
10005576067;
10005576076;
10005576077;
10596663772;
10005576071;
10005576070;
10005576068;
10005576069;
10005678289;
10005678290;
10005678291;
18045424560;
18045424561;
10312615546;
18045424559;
10312615544;
18045424558;
10312615545;
10005678287;
10362013165;
10055769512;
10682669336;
10682688225;
10556233996;
10682667376;
10017495441;
10017495436;
10682688261;
10682245966;
10682245967;
11435831631;
10017586240;
14504001078;
10017586242;
14504001076;
10017586243;
14504001077;
14504001074;
10017586244;
14504001075;
10017586245;
14504001072;
14504001073;
14504001071;
14504001070;
14504001069;
14504001068;
14504001067;
14504001066;
10049241086;
10682245970;
11435831633;
10682245969;
10682245968;
10017586239;
10017586238;
10017586237;
10049241085;
10019634908;
10019634909;
10043784219;
10043784221;
10043784220;
10019634901;
10019634902;
10019633400;
10019634910;
13982947324;
13982947325;
13982947326;
13982947327;
10312740916;
10501724213;
10021182099;
10312740917;
10312740918;
10501724215;
10312740919;
10501724214;
13982947332;
13982947333;
13982947334;
13982947335;
10021183311;
13982947328;
10312740920;
13982947329;
10312740921;
10501724216;
13982947330;
